
 -,-,-
-0.226,0.258,1.800
-1.106,-0.367,1.103
-0.051,-0.164,0.906
-0.165,-0.333,0.996
-0.381,-0.308,1.312
-0.453,-0.526,1.282
-0.241,-0.295,1.370
-0.229,-0.287,1.251
-0.286,-0.263,1.275
-0.266,-0.356,1.179
-0.039,-0.344,0.948
0.031,-0.437,0.699
0.246,-0.677,0.218
0.699,-1.027,-0.403
0.889,-1.193,-0.647
1.163,-1.375,-1.310
1.108,-1.380,-1.116
1.364,-1.544,-1.411
1.654,-1.846,-1.803
1.119,-2.329,-1.114
-0.615,-0.295,0.985
3.740,4.000,0.534
4.000,-0.114,-3.973
-1.827,-0.505,-0.110
0.754,0.038,-0.699
0.752,-0.008,-0.155
0.119,-0.062,-0.053
-0.248,0.392,0.157
-0.018,-0.362,-0.028
0.337,-0.658,-0.159
0.144,-0.470,0.065
0.218,-0.729,0.111
0.125,-1.587,0.321
-0.926,-1.717,0.491
-0.579,-0.860,1.250
-0.486,-0.730,1.345
-4.000,-0.198,2.414
0.160,-0.188,0.593
-0.152,0.303,1.840
0.101,-0.485,1.252
-0.723,-0.232,1.299
-0.441,-0.123,1.152
-0.232,-0.359,1.044
-0.587,0.000,1.226
-0.543,0.080,1.015
-0.306,0.149,1.103
-0.361,0.229,1.031
-0.269,0.216,0.935
-0.278,0.191,0.988
-0.265,0.217,1.026
-0.276,0.195,0.853
-0.271,0.171,0.886
-0.232,0.111,0.819
-0.320,0.070,0.801
-0.338,0.148,0.994
-0.369,0.197,0.982
-0.355,0.143,0.936
-0.323,0.114,0.976
-0.335,0.158,0.975
-0.388,0.151,0.944
-0.371,0.143,0.954
-0.379,0.124,0.893
-0.376,0.121,0.922
-0.391,0.186,0.953
-0.408,0.196,0.948
-0.407,0.176,0.925
-0.395,0.163,0.894
-0.377,0.174,0.917
-0.389,0.159,0.921
-0.376,0.162,0.912
-0.396,0.149,0.909
-0.397,0.166,0.936
-0.407,0.159,0.926
-0.369,0.121,0.891
-0.382,0.119,0.894
-0.390,0.159,0.919
-0.394,0.168,0.933
-0.378,0.156,0.906
-0.389,0.146,0.904
-0.380,0.148,0.907
-0.390,0.154,0.912
-0.386,0.181,0.924
-0.384,0.187,0.926
-0.399,0.157,0.898
-0.384,0.165,0.912
-0.412,0.181,0.922
-0.391,0.170,0.916
-0.393,0.159,0.892
-0.391,0.165,0.923
-0.414,0.174,0.901
-0.397,0.163,0.921
-0.411,0.171,0.916
-0.408,0.173,0.917
-0.419,0.180,0.933
-0.410,0.197,0.919
-0.421,0.184,0.921
-0.416,0.197,0.907
-0.406,0.215,0.904
-0.370,0.202,0.902
-0.453,0.248,0.911

 -,-,-
-0.163,-0.060,1.276
-0.595,-0.282,0.984
-0.410,-0.547,1.137
-0.526,-0.532,1.344
-0.310,-0.261,1.429
-0.333,-0.242,1.284
-0.266,-0.341,1.219
-0.046,-0.333,1.114
-0.051,-0.459,0.834
0.166,-0.624,0.476
0.489,-0.849,0.271
0.750,-0.989,-0.155
1.002,-1.222,-0.815
1.222,-1.474,-0.860
1.209,-1.492,-1.137
1.288,-1.616,-1.315
1.583,-2.101,-1.519
1.339,-2.068,-0.804
-1.013,-0.232,1.271
4.000,4.000,-0.198
4.000,-0.819,-4.000
-2.625,0.011,-0.507
1.209,0.252,-0.917
0.319,0.145,-0.183
-0.484,0.606,0.292
-0.141,0.811,0.271
0.099,0.260,0.141
-0.121,-0.314,0.028
0.300,-0.432,0.125
-0.184,-2.152,0.139
0.972,-2.357,0.432
0.715,-1.340,0.758
-1.186,-0.035,1.468
-1.840,0.725,2.285
3.036,-2.082,1.045
-3.070,-0.020,1.821
-1.498,0.011,1.168
-0.736,-0.024,1.487
-0.677,0.130,1.260
-0.652,-0.004,0.958
-0.395,0.019,1.036
-0.405,0.085,0.851
-0.559,0.219,0.906
-0.473,0.288,0.964
-0.477,0.276,0.916
-0.394,0.228,0.915
-0.301,0.233,0.985
-0.317,0.145,0.877
-0.284,0.117,0.912
-0.342,0.104,0.812
-0.335,0.159,0.945
-0.335,0.133,0.851
-0.385,0.084,0.794
-0.334,0.085,0.907
-0.349,0.076,0.868
-0.382,0.058,0.854
-0.412,0.090,0.952
-0.406,0.087,0.973
-0.370,0.083,0.928
-0.360,0.079,0.920
-0.395,0.081,0.914
-0.395,0.089,0.889
-0.414,0.094,0.946
-0.401,0.101,0.912
-0.396,0.095,0.920
-0.390,0.087,0.903
-0.412,0.117,0.941
-0.393,0.177,0.931
-0.355,0.118,0.870
-0.429,0.159,0.941
-0.385,0.180,0.894
-0.412,0.163,0.899
-0.385,0.143,0.880
-0.373,0.162,0.910
-0.411,0.205,0.927
-0.428,0.207,0.916
-0.427,0.191,0.927
-0.400,0.204,0.906
-0.396,0.172,0.878
-0.390,0.169,0.882
-0.416,0.185,0.876
-0.415,0.172,0.924
-0.427,0.174,0.903
-0.421,0.178,0.895
-0.420,0.168,0.897
-0.434,0.164,0.888
-0.438,0.194,0.910
-0.442,0.190,0.890
-0.430,0.168,0.860
-0.439,0.186,0.885
-0.446,0.220,0.890
-0.423,0.199,0.878
-0.444,0.230,0.896
-0.443,0.227,0.890
-0.437,0.194,0.868
-0.418,0.183,0.855
-0.435,0.201,0.884
-0.431,0.232,0.893
-0.418,0.236,0.887
-0.429,0.224,0.888

 -,-,-
0.440,0.479,1.767
-0.988,-0.100,1.176
-0.522,-0.266,0.908
-0.451,-0.401,1.256
-0.555,-0.382,1.488
-0.163,-0.414,1.192
-0.105,-0.369,1.320
-0.068,-0.263,1.273
-0.224,-0.280,0.968
-0.000,-0.276,0.959
-0.149,-0.468,0.795
0.200,-0.577,0.525
0.554,-0.747,0.154
0.869,-1.050,-0.644
1.057,-1.222,-1.039
1.055,-1.164,-1.190
1.227,-1.236,-1.729
1.102,-1.306,-1.854
1.356,-1.955,-1.678
0.962,-2.213,-1.181
-0.548,0.596,2.328
2.901,4.000,-1.182
4.000,-0.867,-3.428
-1.794,0.662,-1.431
0.986,-0.057,-0.440
0.234,0.066,-0.218
-0.444,0.272,-0.041
0.227,0.312,0.083
-0.167,-0.115,0.186
-0.206,-0.814,0.063
0.128,-0.223,0.007
-0.161,-0.717,0.160
-0.118,-1.288,0.319
0.177,-1.137,0.550
-0.723,-0.748,1.152
-1.184,-0.318,1.612
1.276,-0.545,2.325
-1.352,0.151,1.577
-1.205,0.222,1.820
-0.600,0.288,1.288
-0.647,0.327,1.330
-0.439,0.357,1.102
-0.460,0.284,0.905
-0.333,0.212,0.893
-0.007,0.417,0.838
-0.549,0.404,0.868
-0.456,0.409,0.834
-0.392,0.439,0.805
-0.425,0.540,0.763
-0.505,0.498,0.792
-0.408,0.471,0.873
-0.436,0.397,0.782
-0.464,0.347,0.783
-0.446,0.342,0.778
-0.442,0.319,0.711
-0.483,0.383,0.761
-0.474,0.451,0.811
-0.467,0.450,0.752
-0.447,0.453,0.765
-0.429,0.465,0.698
-0.425,0.377,0.720
-0.523,0.425,0.756
-0.574,0.424,0.842
-0.414,0.417,0.876
-0.482,0.411,0.907
-0.335,0.383,0.903
-0.370,0.399,0.887
-0.376,0.411,0.871
-0.375,0.397,0.838
-0.390,0.396,0.849
-0.423,0.361,0.874
-0.407,0.319,0.883
-0.400,0.247,0.803
-0.323,0.220,0.793
-0.318,0.209,0.760
-0.348,0.211,0.793
-0.375,0.253,0.865
-0.416,0.280,0.903
-0.410,0.257,0.907
-0.359,0.215,0.876
-0.395,0.206,0.856
-0.414,0.223,0.858
-0.436,0.253,0.908
-0.430,0.217,0.874
-0.429,0.200,0.854
-0.460,0.199,0.892
-0.449,0.195,0.849
-0.468,0.202,0.894
-0.468,0.191,0.877
-0.468,0.184,0.860
-0.445,0.179,0.858
-0.466,0.187,0.857
-0.443,0.205,0.873
-0.460,0.225,0.861
-0.451,0.208,0.854
-0.452,0.207,0.860
-0.463,0.220,0.855
-0.445,0.208,0.856
-0.456,0.202,0.860
-0.482,0.217,0.883

 -,-,-
-0.759,0.376,2.118
-1.149,-0.416,1.018
0.034,-0.386,0.807
-0.004,-0.375,1.195
-0.516,-0.465,1.490
-0.388,-0.374,1.254
-0.287,-0.365,1.422
-0.182,-0.281,1.087
-0.252,-0.387,0.974
0.076,-0.522,0.655
0.521,-0.677,0.304
0.584,-0.854,-0.002
0.860,-1.032,-0.542
1.176,-1.085,-0.910
1.361,-1.331,-1.100
1.505,-1.703,-1.589
1.873,-1.854,-1.530
1.536,-2.541,-1.241
-0.760,-0.803,0.713
1.078,4.000,3.825
0.221,2.809,-3.844
-0.870,-1.164,1.110
0.605,0.299,-0.946
0.261,0.109,-0.329
-0.708,0.548,0.448
0.369,0.809,0.042
0.223,0.169,0.251
0.209,-0.027,0.322
0.085,-0.864,0.087
-0.226,-2.044,-0.100
0.837,-2.631,-0.043
-0.628,-0.908,0.359
-0.620,0.002,1.504
-1.779,-0.228,1.884
-1.088,-0.253,1.544
0.413,1.376,2.483
-0.506,0.315,1.168
-0.589,0.311,1.546
-0.367,0.280,1.090
-0.599,0.128,0.683
-0.282,0.283,1.080
-0.112,0.265,0.971
-0.436,0.397,0.981
-0.343,0.396,0.898
-0.291,0.347,0.808
-0.196,0.431,0.966
-0.296,0.406,0.797
-0.317,0.348,0.895
-0.314,0.385,0.973
-0.378,0.357,0.926
-0.371,0.332,0.962
-0.328,0.240,0.866
-0.300,0.244,0.886
-0.344,0.236,0.901
-0.362,0.192,0.922
-0.307,0.169,0.890
-0.317,0.108,0.830
-0.331,0.126,0.937
-0.333,0.111,0.885
-0.367,0.103,0.850
-0.361,0.130,0.913
-0.331,0.092,0.836
-0.394,0.115,0.884
-0.371,0.115,0.888
-0.401,0.136,0.941
-0.364,0.086,0.838
-0.387,0.116,0.939
-0.369,0.124,0.868
-0.406,0.127,0.935
-0.386,0.159,0.956
-0.414,0.145,0.883
-0.380,0.160,0.974
-0.461,0.157,0.916
-0.377,0.049,0.954
-0.369,0.098,0.913
-0.357,0.099,0.893
-0.378,0.116,0.931
-0.377,0.126,0.927
-0.381,0.146,0.952
-0.382,0.127,0.935
-0.350,0.163,0.936
-0.420,0.122,0.911
-0.377,0.124,0.935
-0.422,0.140,0.918
-0.392,0.123,0.915
-0.403,0.118,0.917
-0.387,0.111,0.906
-0.403,0.111,0.925
-0.406,0.121,0.952
-0.401,0.151,0.958
-0.394,0.128,0.925
-0.383,0.120,0.912
-0.394,0.124,0.902
-0.373,0.085,0.883
-0.389,0.118,0.944
-0.383,0.138,0.933
-0.365,0.108,0.905
-0.352,0.116,0.898
-0.374,0.127,0.910
-0.366,0.108,0.900

