 -,-,-
-986.96,594.06,2695.77
-938.45,329.58,2821.31
-508.99,-586.51,1668.25
6.63,-979.27,1169.8
282.47,-1261.26,550.83
488.7,-1271.42,-32.9
460.64,-760.11,-382.17
418.44,-524.58,-579.49
419.31,-224.26,-810.61
455.4,-381.58,-935.08
732.7,-484.35,-2065.29
382.47,-121.2,-978.2
-964.93,3322.87,246.17
-1960.77,458.64,-1868.1
1477.29,-475.81,-583.0
334.01,-1394.1,678.31
-112.56,-590.48,771.25
869.35,-465.99,614.17
211.3,-81.79,63.79
-215.81,94.06,-169.85
-131.8,-373.15,163.13
293.08,-642.0,366.13
-38.1,-1135.81,-63.07
567.39,-1262.82,66.64
-293.84,-1230.18,-48.79
1791.83,-1140.68,133.99
526.05,-886.82,386.18
-54.78,-1248.69,347.72
121.29,-604.83,451.26
84.31,-889.28,524.74
-156.51,-176.31,1110.56
-146.39,-542.16,668.26
-155.77,106.12,1646.43
-363.09,-546.4,958.25
-20.19,-119.41,1043.28
-294.62,384.66,1189.5
-423.06,528.83,942.79
-493.42,735.05,1224.01
-478.2,637.87,849.75
-359.78,835.34,1063.76
-435.54,892.34,851.5
-374.51,888.32,785.27
-343.08,697.2,655.23
-293.52,758.29,732.6
-331.23,743.2,614.81
-279.94,747.63,649.23
-325.68,678.0,589.93
-353.0,643.22,598.96
-288.33,649.56,577.22
-291.91,684.64,610.8
-319.94,738.42,605.91
-297.38,543.58,622.75
-320.68,637.35,579.94
-310.21,732.95,731.62
-278.56,637.36,694.3
-319.16,610.4,642.65
-347.31,632.77,691.8
-304.09,656.43,594.82
-270.37,668.18,592.52
-264.38,683.87,684.31
-307.45,641.84,640.87
-292.15,686.7,689.77
-306.16,703.73,616.63
-270.56,678.96,623.14
-254.02,668.36,627.9
-241.92,613.9,682.43
-279.8,710.44,674.47
-298.6,642.25,596.3
-308.75,606.07,593.27
-295.54,618.63,644.52
 -,-,-
-998.46,586.66,2758.56
-969.58,372.85,2851.15
-485.46,-581.06,1696.37
5.94,-1039.63,1143.38
262.19,-1255.57,554.55
509.34,-1201.11,-34.02
418.63,-698.07,-376.34
423.13,-461.39,-619.26
401.72,-192.86,-883.25
428.09,-394.26,-846.55
819.96,-467.57,-1735.94
407.48,-129.19,-984.85
-968.37,2923.5,217.38
-1935.92,488.92,-1832.68
1468.93,-507.48,-498.92
332.87,-1381.09,669.0
-107.22,-635.54,716.46
910.69,-425.13,648.85
189.91,-75.61,53.7
-187.99,88.88,-176.51
-141.93,-396.74,143.88
314.08,-557.59,443.33
-37.17,-1174.9,-71.16
519.91,-1147.47,71.14
-276.96,-1360.32,-42.74
1701.98,-1238.23,135.52
499.62,-999.1,445.2
-62.33,-1265.01,347.94
110.72,-510.8,506.99
71.59,-954.65,523.63
-149.75,-176.83,919.09
-148.84,-630.19,713.76
-139.94,100.18,1527.2
-414.01,-529.3,842.04
-19.28,-127.4,1026.07
-332.03,401.82,1105.68
-352.08,538.02,1020.23
-451.04,722.68,1077.44
-544.32,583.0,842.83
-383.68,797.9,1050.89
-441.72,818.13,992.1
-414.76,887.79,831.13
-384.69,674.6,619.41
-309.82,773.27,716.96
-298.68,687.73,668.62
-307.25,703.43,581.85
-290.62,680.45,589.69
-350.76,666.9,627.46
-258.63,712.76,611.91
-297.92,720.24,652.37
-300.42,685.43,596.66
-320.31,542.68,663.46
-333.82,584.09,581.51
-316.8,749.32,646.01
-278.15,676.1,698.33
-308.77,738.2,635.4
-333.35,645.18,670.16
-307.96,664.56,580.19
-275.44,736.37,614.79
-291.54,679.79,566.94
-271.81,647.33,667.19
-275.52,665.55,578.46
-307.19,640.18,626.1
-255.42,647.88,622.26
-268.21,656.89,649.11
-273.67,606.02,641.32
-247.89,656.1,714.68
-260.25,729.37,584.65
-312.54,648.1,705.51
-301.91,643.72,672.98
-,-,-
-894.15,616.16,2422.99
-660.13,887.7,2698.25
-795.01,555.82,2749.17
-466.24,-205.48,1998.01
-146.92,-797.51,1386.21
174.15,-1034.9,629.48
157.12,-1019.65,200.02
161.16,-758.97,-127.72
154.44,-382.73,-370.69
337.92,-280.86,-511.91
656.0,-485.45,-1146.77
916.86,-414.58,-1465.79
790.63,-226.46,-1385.06
545.06,668.37,-586.82
-1100.97,3617.3,1327.27
1384.29,161.16,-1428.74
1015.77,-714.94,764.66
-815.3,-847.08,966.14
257.99,-446.15,910.69
895.29,-383.37,400.06
12.1,39.32,29.33
-215.84,-289.28,72.01
568.63,-505.03,-118.36
74.21,-930.03,-186.25
680.41,-684.89,364.15
217.54,-1456.77,-84.59
613.31,-1282.66,-385.03
204.17,-1435.38,-585.93
777.72,-1204.49,-300.0
364.36,-907.85,34.78
-126.98,-760.19,373.86
-47.37,-393.64,319.05
-174.92,-93.6,948.88
-239.79,-475.36,543.73
-278.02,-311.01,808.97
-416.17,125.99,923.74
-260.71,554.02,1075.5
-303.63,1439.19,1407.69
-640.96,2018.86,1454.47
-645.13,1129.4,1116.02
-319.09,559.85,606.61
-291.43,335.32,566.71
-258.78,596.98,672.97
-389.42,756.0,626.66
-379.76,837.28,646.54
-334.62,701.61,685.07
-319.11,617.16,776.13
-319.92,626.97,644.36
-314.64,658.06,628.72
-291.01,559.63,675.89
-326.22,577.16,595.41
-300.8,579.61,628.82
-329.13,667.23,686.82
-307.13,591.85,661.46
-334.42,556.99,650.73
-331.38,538.14,640.9
-341.84,576.9,663.75
-322.19,602.97,643.23
-355.79,657.88,636.39
-384.53,668.39,731.11
-410.01,617.03,676.91
-298.52,640.42,751.72
-319.14,570.16,696.67
-259.68,599.34,770.78
-318.08,590.83,626.27
-328.1,680.07,654.25
-280.15,595.31,722.54
-325.99,591.22,705.53
-313.26,650.34,759.13
-330.0,674.46,663.03
-,-,-
-643.29,777.0,2592.31
-694.53,734.23,2921.95
-681.44,212.25,2341.93
-268.43,-560.91,1468.27
106.68,-586.99,650.24
229.02,-445.98,61.98
393.1,-429.04,-405.85
372.25,-387.82,-599.99
438.19,-113.29,-985.44
797.35,-509.55,-1497.5
1013.27,-469.27,-2543.88
710.91,267.46,-1288.3
-798.45,2676.61,1799.64
-724.68,1901.12,-2063.24
858.24,658.48,-750.19
302.33,-754.15,658.59
-1141.02,-560.73,1067.69
752.15,-122.83,932.65
544.45,-82.93,248.97
-347.03,-484.55,-186.31
160.58,-685.34,5.13
402.36,-689.04,102.25
594.92,-708.76,185.33
464.27,-659.01,209.17
242.92,-979.51,-91.4
413.49,-967.65,148.69
422.23,-954.16,529.94
224.78,-1100.68,489.07
357.07,-1194.71,1227.61
-81.89,-1036.91,608.67
-161.99,-388.04,732.15
-129.19,-206.81,910.87
-330.08,12.36,1133.64
-347.23,297.78,1336.91
-864.51,1328.47,1873.97
-414.91,1125.65,939.74
-375.52,888.57,1289.12
-362.83,733.84,849.76
-381.3,639.86,910.34
-346.38,567.27,806.46
-389.85,573.98,726.0
-293.22,569.96,684.72
-318.27,497.24,734.31
-235.07,544.05,760.83
-243.81,515.16,702.01
-239.93,607.82,806.7
-257.77,500.2,692.33
-255.93,508.83,671.51
-321.55,502.52,642.91
-288.84,479.91,720.77
-246.68,456.08,839.31
-269.01,495.16,844.59
-249.02,560.0,877.56
-284.64,502.24,728.49
-225.25,533.22,868.23
-225.16,519.35,716.73
-285.35,520.78,740.03
-282.36,531.59,761.78
-260.39,510.24,869.93
-302.65,510.72,785.76
-272.15,527.3,761.81
-302.91,489.26,836.06
-294.52,485.98,767.46
-302.88,466.76,812.05
-281.44,559.46,739.91
-284.1,488.84,786.8
-291.07,507.27,722.59
-274.73,516.7,793.24
-267.17,454.44,864.74
-302.59,490.14,880.88
 -,-,-
-562.24,296.29,2632.85
-529.62,317.51,2662.49
-703.25,182.75,2644.57
-486.32,-340.63,2141.11
-88.11,-834.71,1290.92
98.32,-783.9,581.26
254.02,-616.44,-298.78
418.85,-438.59,-624.62
446.82,-400.21,-889.45
581.09,-288.79,-1146.04
910.09,-394.98,-1692.03
770.45,-371.09,-1275.46
-1336.51,2791.94,-515.78
-3584.54,-670.4,-2175.83
1931.65,-74.21,-381.16
-195.19,-572.39,273.31
-379.08,-412.86,776.74
717.66,-219.42,730.58
644.28,-390.66,94.23
-257.91,-387.99,-23.76
329.56,-703.95,-202.6
597.86,-716.54,-96.64
541.41,-1088.77,115.72
599.87,-881.62,-166.2
479.28,-881.71,-118.76
282.96,-1292.34,4.91
375.12,-1053.62,170.44
133.79,-1014.33,400.88
74.02,-586.55,719.68
-57.72,-846.2,651.2
-131.17,-557.92,758.89
-230.19,-752.01,479.23
-305.77,168.53,1287.03
-560.41,-198.5,788.03
-291.73,305.66,1344.61
-612.96,626.26,1168.28
-412.07,1008.47,1336.28
-468.96,814.51,1272.36
-405.79,646.42,981.96
-364.39,697.62,834.94
-380.31,787.48,811.05
-294.0,813.93,634.62
-228.82,745.02,701.89
-237.88,703.21,657.08
-159.8,707.98,569.58
-248.94,724.02,603.96
-221.03,783.64,590.43
-280.06,721.67,567.69
-305.02,670.64,581.24
-273.65,606.62,614.76
-244.35,498.67,741.56
-285.82,591.35,739.82
-325.45,566.82,799.65
-348.38,613.73,645.54
-340.65,645.73,664.64
-286.52,629.84,662.86
-319.55,709.74,618.14
-322.67,647.54,656.05
-306.59,645.81,609.99
-282.74,600.35,638.53
-287.33,655.44,660.91
-284.6,606.49,625.25
-277.63,699.94,669.85
-313.01,584.54,654.75
-299.0,616.79,738.91
 -,-,-
-1000.04,557.01,2858.32
-953.0,316.78,2939.43
-528.67,-605.52,1734.14
6.21,-1070.8,1087.97
255.39,-1157.57,619.89
505.42,-1215.16,-31.33
439.51,-667.04,-393.04
447.42,-520.43,-540.93
407.74,-220.63,-869.38
483.29,-395.69,-808.34
807.35,-512.26,-1879.26
360.71,-122.77,-937.24
-825.09,2942.31,218.06
-2210.39,491.23,-2134.01
1267.03,-470.8,-579.52
285.66,-1445.19,582.29
-94.21,-567.54,779.18
850.05,-411.74,616.06
185.99,-79.12,58.31
-210.35,90.18,-182.82
-128.71,-378.89,150.48
304.79,-543.97,403.54
-34.92,-1289.67,-65.31
561.55,-1081.35,71.33
-270.06,-1204.46,-49.36
1742.01,-1153.84,145.66
553.37,-1010.29,382.41
-54.61,-1377.89,407.06
111.66,-579.88,497.03
77.9,-886.26,468.78
-160.11,-176.77,990.78
-148.5,-563.51,671.03
-156.03,107.98,1568.8
-412.01,-541.52,876.79
-22.4,-132.59,1174.43
-312.39,333.09,1179.97
-402.41,472.49,1065.41
-488.46,627.26,1168.94
-546.54,652.91,956.74
-384.34,837.5,911.25
-443.38,992.03,864.46
-394.56,870.37,895.98
-323.8,742.1,628.65
-295.54,680.67,728.63
-283.95,703.92,604.12
-292.6,705.93,614.6
-308.39,745.51,620.71
-379.18,724.24,623.19
-250.65,711.6,667.2
-285.59,728.63,613.0
-310.57,650.13,722.54
-341.97,601.71,683.99
-324.52,637.12,590.36
-279.15,749.26,650.64
-249.79,727.4,704.61
-337.14,690.39,645.14
-313.13,669.98,612.15
-331.67,668.94,568.54
-287.15,632.96,691.3
-274.09,686.95,618.6
-305.25,639.57,658.15
-315.8,653.03,697.19
-279.49,706.24,612.33
-272.51,632.08,690.18
-292.09,649.89,586.88
-271.42,603.69,711.63
-255.07,682.18,595.81
-302.73,680.34,673.66
-292.13,632.43,615.45
-278.72,658.64,627.72
 -,-,-
-953.38,578.77,2681.6
-834.15,376.04,2466.05
-492.19,-583.85,1964.9
6.45,-968.45,1061.49
245.12,-1150.7,594.59
438.24,-1091.8,-36.07
468.65,-662.72,-364.91
403.11,-482.22,-577.5
412.24,-200.43,-808.28
469.13,-418.61,-868.43
742.75,-504.29,-1931.95
362.02,-126.03,-827.88
-842.63,3151.04,234.12
-2002.82,471.77,-2008.6
1342.26,-515.87,-550.46
289.86,-1351.51,677.79
-111.73,-618.16,743.93
789.62,-432.97,674.21
209.34,-82.2,60.9
-188.12,85.07,-191.21
-142.7,-347.92,156.73
293.92,-603.06,419.67
-42.27,-1240.44,-65.42
603.64,-1206.6,75.51
-247.49,-1372.85,-43.68
2002.15,-1318.8,139.32
547.9,-927.25,426.15
-53.88,-1225.16,346.41
112.61,-521.14,461.33
76.97,-1023.53,497.54
-163.46,-177.48,961.11
-138.9,-592.53,609.59
-146.06,119.44,1561.14
-355.61,-536.23,845.68
-19.43,-132.8,1169.76
-314.42,402.93,1214.95
-418.95,569.2,1038.44
-461.74,617.41,1189.81
-493.38,660.8,989.41
-372.26,828.96,994.65
-397.56,936.14,853.63
-377.0,796.2,808.17
-371.55,650.27,608.25
-315.06,659.5,655.65
-337.82,731.79,664.41
-297.16,709.46,591.38
-312.27,627.69,624.33
-361.08,598.79,612.16
-266.3,735.72,615.9
-295.72,622.05,622.78
-281.29,640.33,633.0
-301.85,551.8,617.45
-326.15,632.62,656.76
-263.55,758.82,662.12
-295.19,678.67,649.63
-322.22,641.74,636.88
-322.19,647.64,655.41
-278.57,637.74,684.48
-317.31,683.87,643.12
-315.57,702.2,603.24
-301.92,726.99,622.84
-315.26,677.22,582.28
-295.82,682.78,663.55
-261.0,711.52,704.78
-249.87,709.3,705.67
-243.72,708.16,672.36
-248.31,646.2,662.76
-307.64,710.78,620.17
-298.97,635.88,645.68
-297.78,659.89,636.99
-,-,-
-896.32,702.01,2476.43
-776.63,898.73,2675.04
-832.82,562.07,2401.01
-497.75,-197.09,1969.09
-148.96,-808.8,1234.71
154.11,-1009.94,678.56
160.13,-1120.16,230.74
188.08,-692.8,-127.49
156.77,-361.61,-402.33
361.66,-281.65,-528.28
625.88,-407.64,-1206.13
909.04,-458.5,-1435.26
827.5,-214.11,-1490.81
473.47,708.01,-658.8
-1030.54,4048.38,1453.83
1254.48,166.26,-1445.63
905.58,-737.35,725.54
-786.72,-869.15,879.07
268.15,-460.64,820.57
928.61,-339.92,360.91
12.37,36.82,25.35
-193.83,-296.18,71.81
578.01,-506.29,-114.52
73.34,-1059.32,-185.87
686.39,-675.4,368.0
225.24,-1660.9,-91.7
666.97,-1258.74,-367.67
218.35,-1400.11,-574.27
851.45,-1051.98,-318.72
410.71,-903.45,36.19
-123.91,-760.73,415.31
-56.09,-433.47,320.88
-173.18,-93.7,999.09
-229.42,-468.64,488.24
-267.95,-328.9,765.09
-430.82,116.71,936.48
-248.32,616.34,1107.51
-323.41,1488.89,1338.37
-563.88,1997.86,1438.12
-740.03,1121.73,1016.3
-297.27,512.08,575.75
-312.51,364.88,495.29
-287.76,676.43,632.65
-363.01,880.82,618.95
-373.6,800.65,641.32
-393.91,681.81,746.1
-296.61,658.24,777.89
-349.82,564.98,754.25
-282.46,636.73,644.79
-349.26,563.36,618.73
-343.6,572.83,573.65
-308.21,665.01,627.13
-341.06,648.03,614.03
-347.93,604.63,696.05
-330.96,622.85,689.08
-360.93,551.44,651.01
-363.15,613.93,741.0
-364.46,590.41,699.11
-346.01,643.64,729.0
-380.81,584.6,732.94
-375.91,618.69,753.56
-319.02,631.79,715.64
-331.43,661.42,641.63
-251.84,594.23,728.95
-325.14,588.5,649.85
-319.34,604.9,734.68
-288.58,576.68,649.5
-314.86,642.12,655.54
-316.82,691.55,634.82
-330.91,675.36,686.76
-,-,-
-709.08,756.13,2771.57
-642.86,661.75,3089.28
-601.72,220.69,2294.19
-260.39,-518.99,1509.17
101.12,-554.02,698.72
223.27,-527.18,58.34
355.44,-444.36,-452.02
400.43,-364.41,-650.58
497.68,-111.9,-854.76
790.81,-488.2,-1531.83
1090.59,-477.23,-2486.94
743.57,243.68,-1414.12
-769.22,2413.84,1872.83
-668.12,1969.97,-1797.76
764.24,699.37,-717.31
286.08,-794.4,682.21
-1052.06,-594.68,1238.34
843.09,-113.91,773.77
581.82,-98.87,254.3
-399.45,-517.63,-179.99
149.65,-650.89,5.09
463.93,-614.39,97.46
532.68,-625.21,195.4
443.02,-632.1,192.77
218.81,-907.15,-92.92
440.55,-896.22,153.61
382.06,-1015.82,477.83
209.38,-1053.62,424.35
362.89,-1076.7,1220.39
-74.71,-1090.93,681.88
-145.63,-428.93,674.29
-121.65,-199.35,1009.14
-322.54,14.1,998.46
-329.12,285.53,1200.93
-864.97,1300.77,1639.89
-456.14,1051.03,1039.94
-413.3,933.48,1302.07
-380.73,726.3,886.95
-376.25,675.31,844.46
-373.89,576.65,817.97
-349.31,578.44,687.78
-325.98,623.86,743.61
-292.77,524.18,744.53
-251.73,546.55,785.4
-224.68,561.26,831.28
-237.46,546.47,767.1
-287.35,510.25,731.17
-265.7,456.6,759.47
-312.85,540.24,735.43
-270.66,483.95,808.64
-275.98,432.99,793.76
-251.47,462.54,758.14
-267.98,578.81,815.71
-260.32,571.73,867.05
-247.35,515.03,751.43
-243.41,488.28,705.09
-285.04,456.22,782.11
-293.9,528.36,758.65
-276.0,481.91,807.43
-296.77,469.83,856.28
-314.39,471.08,739.53
-294.48,568.4,732.15
-277.46,566.38,772.29
-308.18,549.45,796.82
-265.44,551.29,826.44
-280.46,468.06,793.41
-293.9,558.04,811.05
-279.87,527.76,794.49
-248.57,515.72,805.79
-275.45,547.84,864.46
 -,-,-
-523.43,298.74,2621.9
-575.16,298.98,3023.8
-633.51,182.19,2897.68
-447.11,-379.21,2210.21
-91.69,-921.25,1333.6
96.53,-765.2,520.11
267.01,-559.0,-312.01
402.32,-401.8,-524.8
469.94,-354.79,-908.98
651.42,-247.45,-1286.96
841.88,-383.5,-1795.92
784.23,-336.24,-1192.12
-1485.74,2991.98,-495.73
-3287.6,-679.75,-2210.66
2067.8,-74.42,-377.71
-206.75,-633.39,259.46
-367.31,-401.68,861.47
704.69,-197.82,716.32
620.89,-422.43,94.46
-262.34,-340.86,-24.82
340.83,-721.52,-187.97
589.47,-841.0,-91.87
570.01,-927.47,106.55
546.86,-939.32,-166.99
529.54,-861.98,-118.55
286.73,-1277.58,5.65
353.32,-1008.48,173.38
144.29,-1084.32,334.53
77.56,-580.06,696.86
-61.09,-935.39,616.07
-132.75,-489.99,772.56
-238.3,-798.57,537.13
-301.01,155.63,1394.09
-562.04,-219.57,810.58
-272.63,277.34,1353.36
-585.82,641.08,1271.72
-414.72,1033.71,1300.03
-429.24,759.76,1185.83
-390.69,762.32,964.05
-339.89,709.75,827.94
-376.97,767.78,875.59
-282.26,696.92,638.98
-237.24,775.41,640.16
-212.63,690.54,662.06
-159.78,675.89,660.9
-253.96,726.08,672.21
-264.24,709.09,611.92
-278.42,683.71,556.41
-323.61,720.66,538.06
-246.76,652.83,684.58
-213.27,585.39,735.96
-327.56,575.6,749.59
-303.43,651.23,716.87
-326.01,647.98,639.5
-350.06,730.11,716.9
-307.55,732.68,691.95
-294.02,618.82,723.48
-313.21,628.81,696.95
-264.75,637.09,574.51
-314.34,594.62,649.1
-267.98,625.29,664.33
-312.77,654.75,598.75
-295.45,584.83,607.1
-273.44,696.43,679.52
-275.75,617.15,714.67
 -,-,-
-965.74,643.78,2733.15
-831.33,338.09,2741.76
-456.93,-657.93,1726.02
5.72,-1060.5,1009.48
279.34,-1123.1,535.64
469.22,-1075.48,-34.54
455.44,-660.88,-358.87
403.48,-497.99,-532.8
381.73,-213.08,-831.48
475.27,-392.54,-863.41
770.82,-442.99,-1771.73
390.52,-129.28,-884.61
-957.65,2846.27,228.14
-2013.11,463.9,-2112.99
1297.57,-554.59,-587.46
287.3,-1411.14,653.67
-105.46,-571.55,675.77
767.34,-414.3,637.32
207.08,-73.14,63.24
-189.63,80.58,-181.01
-137.12,-329.24,160.78
282.99,-537.92,425.96
-36.47,-1120.26,-70.88
541.53,-1097.31,77.57
-279.74,-1210.66,-44.67
1913.26,-1198.39,137.16
484.6,-1055.4,445.12
-57.64,-1250.65,411.19
118.31,-584.22,484.74
75.22,-977.95,457.48
-168.43,-149.98,946.52
-150.32,-556.6,712.05
-142.98,104.8,1444.48
-388.37,-522.02,982.17
-20.47,-116.27,1120.57
-344.67,338.02,1131.86
-366.8,537.77,1000.17
-458.13,735.57,1009.75
-458.58,572.42,907.11
-372.3,753.35,991.49
-403.79,939.28,850.91
-378.63,750.8,825.08
-344.85,706.34,632.57
-288.84,696.03,716.05
-331.67,657.59,567.53
-271.26,628.61,680.35
-319.19,702.37,631.87
-404.85,719.79,636.26
-275.06,716.26,627.78
-277.3,735.97,611.7
-276.38,752.43,699.05
-285.93,611.88,690.31
-337.34,666.46,589.29
-292.37,737.94,663.77
-252.77,737.97,607.5
-307.61,679.65,601.51
-306.21,644.04,649.55
-301.1,708.87,670.32
-296.13,606.3,600.95
-280.75,754.28,683.93
-302.75,678.24,682.49
-288.25,675.04,606.95
-270.88,697.07,655.74
-250.59,650.31,631.04
-252.8,599.94,705.21
-276.7,693.37,631.18
-299.93,717.79,674.89
-278.18,727.54,679.01
-310.86,724.38,675.63
-269.08,690.91,607.04
 -,-,-
-1034.76,647.82,3111.0
-801.7,356.77,2584.0
-439.17,-575.69,1637.8
6.11,-1100.19,1058.07
293.88,-1227.0,621.34
504.22,-1066.52,-33.53
399.83,-770.87,-348.64
425.0,-497.17,-647.53
436.27,-199.12,-822.46
461.9,-379.21,-957.61
736.94,-488.9,-2061.1
373.44,-122.51,-990.87
-895.48,3220.39,223.39
-1930.36,411.26,-2072.45
1354.58,-476.53,-500.82
285.05,-1560.01,650.53
-104.19,-642.91,685.8
826.8,-464.5,709.95
211.58,-83.31,56.05
-212.92,80.79,-190.09
-134.12,-357.24,158.79
289.1,-533.36,432.12
-37.45,-1234.54,-71.04
591.1,-1309.09,70.25
-254.3,-1350.87,-43.63
1920.67,-1136.26,134.25
532.65,-937.96,453.6
-59.7,-1235.37,410.49
115.26,-508.85,449.7
82.84,-967.29,537.91
-155.99,-168.55,1000.27
-126.72,-646.75,616.27
-160.68,99.64,1538.18
-346.44,-481.19,933.07
-18.74,-134.84,1173.42
-309.13,377.32,1260.05
-394.21,488.43,1113.22
-483.01,622.6,1163.36
-502.08,572.89,926.27
-409.15,820.16,1082.09
-401.48,914.27,1020.26
-389.08,822.23,903.04
-341.48,724.42,593.65
-278.08,652.41,665.08
-288.79,735.21,654.39
-286.99,757.16,681.04
-307.07,623.16,663.86
-405.38,729.1,686.07
-263.58,617.12,610.11
-276.95,742.28,601.63
-303.97,722.24,678.44
-337.78,609.06,686.83
-321.13,588.42,590.13
-299.51,727.32,719.02
-260.22,679.81,627.82
-313.16,688.33,605.86
-316.45,646.05,646.21
-319.13,666.03,595.3
-285.24,734.34,605.04
-291.75,628.34,602.3
-263.97,659.45,691.97
-316.13,747.18,664.62
-297.99,732.93,687.07
-290.13,644.66,641.31
-283.75,695.97,692.65
-244.53,620.8,624.16
-275.01,685.84,680.12
-302.53,720.79,643.53
-311.98,612.55,588.14
-282.84,730.78,702.7
-,-,-
-933.64,707.55,2424.57
-663.66,889.46,2380.65
-831.61,623.62,2739.91
-458.23,-222.19,1982.2
-165.72,-885.39,1309.61
159.6,-1043.45,584.89
168.9,-1009.05,199.01
174.0,-663.65,-123.69
164.64,-389.36,-393.56
350.39,-289.06,-531.37
676.58,-424.16,-1149.01
831.47,-432.4,-1459.85
892.4,-249.74,-1557.8
464.97,672.24,-560.57
-1029.95,3646.02,1359.86
1427.85,179.11,-1400.94
894.81,-705.06,762.02
-705.21,-960.63,883.45
250.95,-459.76,869.79
908.48,-372.53,399.25
10.78,37.73,26.82
-190.08,-294.86,75.09
584.23,-519.53,-113.63
66.58,-1091.98,-181.73
721.43,-684.79,355.01
243.48,-1525.4,-84.45
711.72,-1295.19,-331.17
215.65,-1484.65,-538.53
830.44,-1075.97,-309.94
412.53,-1039.48,38.9
-127.62,-632.81,385.58
-47.81,-436.07,302.49
-169.19,-85.53,1006.13
-206.85,-445.1,513.38
-246.19,-357.31,716.41
-454.67,135.86,982.19
-261.9,598.1,1152.09
-302.78,1645.41,1534.88
-576.72,2059.86,1290.97
-737.82,1128.07,1038.66
-301.69,514.14,591.8
-302.82,342.32,508.12
-248.06,655.39,672.77
-373.41,841.97,702.24
-377.07,859.13,730.53
-377.73,692.13,666.88
-301.05,544.78,735.69
-339.94,580.06,745.15
-311.44,607.82,595.94
-323.6,646.05,619.04
-300.25,598.63,636.73
-310.98,655.31,715.21
-338.0,581.48,599.38
-335.75,636.74,634.21
-339.67,581.56,671.63
-315.11,554.09,612.38
-302.18,559.09,741.7
-362.98,671.14,727.89
-343.85,673.57,636.71
-385.55,587.15,718.54
-397.42,684.62,661.63
-292.46,584.19,646.89
-325.83,652.05,696.02
-285.78,575.71,747.04
-316.97,634.18,651.67
-330.58,622.73,741.84
-317.41,629.78,677.73
-286.96,662.27,687.99
-308.83,615.93,773.74
-321.42,602.87,639.77
-,-,-
-641.46,705.92,2628.87
-740.08,684.97,3114.06
-653.82,230.94,2342.42
-232.57,-476.59,1333.33
118.57,-559.41,694.2
216.05,-484.35,67.17
370.61,-420.64,-436.87
375.69,-380.32,-615.84
509.61,-110.33,-975.56
843.08,-456.95,-1725.15
1110.62,-520.59,-2555.89
831.63,283.82,-1332.71
-688.65,2586.9,1991.97
-673.33,1749.25,-1775.9
836.17,603.21,-655.05
326.71,-709.37,659.01
-1201.59,-599.94,1094.77
785.58,-122.55,805.01
514.0,-82.12,234.66
-383.58,-510.98,-187.29
164.55,-662.82,4.49
412.17,-606.53,104.29
535.1,-724.69,190.99
403.11,-704.69,185.06
225.37,-952.99,-89.33
385.53,-929.76,159.55
420.09,-933.69,504.61
220.29,-1040.7,466.06
353.75,-1070.6,1254.37
-76.76,-937.64,650.94
-159.06,-456.56,728.89
-129.94,-218.84,938.92
-333.64,13.35,959.96
-351.28,297.17,1354.3
-788.57,1280.47,1873.62
-437.36,1180.63,951.88
-387.79,840.98,1319.27
-390.48,673.62,938.93
-384.8,651.06,864.18
-379.07,571.58,817.76
-354.25,594.74,755.51
-347.83,535.11,717.18
-312.04,541.58,718.32
-268.59,548.49,705.51
-227.59,578.39,735.57
-268.78,595.31,747.42
-270.06,534.5,702.07
-270.73,533.97,702.24
-289.7,462.88,728.97
-287.62,539.33,756.17
-250.19,459.51,698.4
-276.91,490.02,805.3
-251.44,500.63,791.18
-272.98,570.44,850.4
-254.96,473.15,722.94
-222.17,483.94,823.79
-262.56,516.07,693.28
-279.79,524.3,731.11
-286.05,466.11,811.04
-275.57,489.49,762.9
-288.42,498.87,834.9
-325.53,466.3,783.04
-288.28,506.56,794.55
-279.1,538.7,690.15
-314.87,510.52,861.01
-285.05,501.73,787.13
-293.92,465.78,793.34
-275.36,480.0,792.59
-260.75,519.92,729.26
-288.74,467.31,756.95
 -,-,-
-576.3,288.8,2419.36
-521.79,288.73,2938.79
-707.52,190.05,2794.7
-467.5,-337.47,1895.86
-95.06,-881.3,1336.34
93.96,-740.03,536.95
233.24,-610.96,-310.38
405.7,-393.34,-636.67
449.41,-349.6,-926.75
648.31,-292.13,-1222.27
909.91,-400.57,-1608.65
793.67,-370.08,-1167.47
-1490.52,2537.67,-512.74
-3077.12,-742.97,-2225.1
1981.27,-79.71,-403.09
-195.13,-606.81,233.21
-381.56,-391.64,730.22
607.22,-196.93,651.39
675.62,-410.94,89.38
-250.51,-353.0,-24.91
346.8,-668.06,-198.84
644.27,-847.36,-96.62
550.88,-973.36,111.96
546.44,-818.99,-145.32
552.45,-848.21,-104.49
276.67,-1326.65,4.93
380.96,-1143.22,179.97
134.83,-1025.85,363.44
73.18,-557.36,733.33
-54.47,-933.43,724.88
-124.49,-499.16,750.51
-224.99,-713.37,537.46
-334.32,169.8,1491.02
-583.58,-232.14,729.23
-318.05,286.24,1309.87
-677.0,553.18,1231.53
-394.8,1029.18,1207.3
-498.52,748.9,1213.54
-367.18,710.7,1018.62
-346.77,730.3,821.0
-372.43,758.43,804.32
-284.43,771.64,612.01
-231.83,741.18,647.18
-221.87,739.41,614.26
-158.99,645.29,684.32
-223.32,677.67,641.36
-265.31,668.23,579.88
-300.91,701.82,632.57
-303.4,720.55,560.19
-259.78,680.72,603.59
-225.87,596.7,690.09
-286.98,505.04,712.96
-283.42,556.36,796.83
-293.94,605.79,719.64
-331.27,628.61,685.22
-291.56,688.49,671.39
-292.4,616.39,698.84
-313.99,718.69,699.31
-259.66,705.73,615.74
-303.87,695.22,669.43
-298.86,687.03,569.0
-298.15,667.0,651.09
-276.68,612.18,659.44
-316.56,596.38,636.49
-318.75,653.41,623.73
 -,-,-
-987.71,594.25,3080.63
-888.24,331.81,2664.95
-465.06,-562.4,1903.18
6.59,-1044.62,1163.93
262.29,-1123.82,582.19
464.15,-1065.77,-36.27
432.01,-643.59,-389.71
423.72,-452.26,-563.17
438.53,-208.07,-901.67
460.41,-395.4,-944.52
754.15,-474.19,-1818.22
400.21,-120.26,-941.0
-968.59,3198.44,225.81
-2200.79,442.48,-2043.14
1285.75,-527.25,-567.67
331.64,-1380.29,614.41
-99.43,-588.3,737.97
838.23,-461.81,691.67
197.61,-85.59,57.15
-198.0,91.48,-172.63
-142.87,-364.56,136.38
278.05,-597.63,381.25
-35.25,-1207.0,-69.3
612.3,-1136.12,73.21
-276.16,-1255.37,-46.1
1717.3,-1187.25,149.72
505.91,-950.56,428.53
-57.49,-1232.6,359.82
122.58,-550.57,477.36
84.09,-980.83,546.97
-149.1,-158.68,974.37
-133.25,-630.42,620.06
-163.06,111.75,1555.9
-381.7,-560.13,995.49
-21.32,-117.94,1179.46
-342.02,347.45,1078.9
-356.69,515.22,950.99
-458.07,720.35,1184.1
-520.87,577.07,893.16
-363.65,731.45,989.91
-440.39,918.7,852.07
-434.92,865.43,868.04
-337.83,783.36,691.0
-288.59,671.73,699.19
-294.61,739.57,642.63
-299.81,729.54,588.6
-299.42,718.49,646.49
-395.75,631.47,673.2
-277.68,683.8,619.45
-304.76,610.28,648.84
-324.45,767.93,658.12
-284.24,610.51,647.14
-347.03,705.13,585.03
-305.03,639.35,686.91
-294.24,711.23,733.67
-340.35,649.43,654.15
-325.12,721.63,671.03
-280.29,624.26,667.07
-317.71,715.63,595.57
-296.46,753.75,586.26
-314.23,733.66,624.49
-299.91,654.85,624.45
-281.68,622.44,611.61
-268.39,721.77,713.15
-289.11,606.49,673.63
-262.24,654.5,594.22
-267.59,725.31,658.01
-269.53,661.5,599.33
-287.36,621.52,616.86
-267.35,632.19,649.15
 -,-,-
-1003.38,666.19,2816.92
-800.25,374.41,2689.22
-443.82,-573.59,1762.08
5.82,-1138.6,1154.07
257.37,-1079.2,615.24
446.71,-1263.78,-33.86
473.16,-659.14,-378.02
418.65,-536.12,-601.75
429.32,-216.41,-905.19
460.86,-446.77,-980.26
729.45,-429.0,-1773.68
434.97,-130.3,-952.62
-986.62,3258.94,234.49
-2056.15,427.92,-2098.03
1271.62,-502.1,-503.02
282.82,-1462.2,674.83
-106.56,-556.29,700.21
901.1,-435.55,644.2
213.22,-82.72,58.24
-219.42,86.38,-158.32
-131.83,-348.53,159.4
305.36,-600.42,388.05
-35.06,-1105.77,-62.33
516.97,-1221.08,76.87
-277.29,-1244.44,-42.27
1839.19,-1302.66,134.11
470.4,-999.78,421.21
-53.77,-1330.56,382.06
106.55,-545.12,433.9
81.27,-891.73,546.15
-168.95,-147.97,1003.93
-144.73,-653.33,601.84
-143.17,116.37,1488.78
-358.16,-477.09,878.13
-20.93,-114.42,983.1
-334.55,401.28,1099.8
-422.92,510.89,925.1
-513.43,697.39,1185.02
-538.6,648.8,947.22
-425.32,821.29,974.78
-450.68,991.06,988.61
-415.53,834.22,844.49
-379.43,722.79,620.16
-258.17,685.44,683.71
-327.98,737.62,633.93
-301.87,651.97,585.77
-314.44,689.29,661.9
-366.42,669.24,667.17
-245.67,617.12,671.97
-251.1,666.45,603.12
-268.23,763.12,675.25
-300.15,587.88,655.29
-352.83,628.97,643.5
-297.69,645.76,635.73
-274.94,633.2,677.32
-317.21,652.05,674.85
-301.3,701.32,624.69
-322.88,686.15,568.27
-291.6,632.78,699.99
-289.47,621.59,663.95
-265.26,626.08,674.05
-273.55,669.83,678.23
-286.34,734.62,706.35
-249.45,674.61,657.07
-291.05,679.03,581.26
-293.56,647.36,608.49
-286.13,664.53,635.69
-274.0,731.59,614.46
-324.13,630.31,639.55
-320.11,648.87,623.71
-,-,-
-777.2,624.18,2271.59
-757.54,977.4,2361.8
-800.47,572.5,2584.84
-450.47,-203.16,2150.09
-168.42,-841.95,1212.11
152.01,-937.74,645.69
151.65,-1066.99,233.66
161.31,-750.28,-123.49
176.64,-364.32,-437.89
369.11,-262.62,-506.85
613.46,-430.94,-1167.44
874.26,-427.21,-1546.81
926.99,-213.62,-1313.87
520.08,628.65,-626.96
-984.36,4012.78,1343.14
1253.11,164.92,-1397.68
878.27,-787.35,724.25
-810.71,-900.27,916.77
265.14,-438.64,856.59
840.02,-351.78,401.17
12.77,39.62,25.8
-193.28,-284.56,71.2
612.11,-474.56,-98.11
70.41,-1101.35,-165.21
713.03,-698.23,342.78
247.62,-1603.43,-81.85
622.68,-1153.14,-359.18
193.97,-1369.68,-526.05
860.54,-1188.82,-317.89
414.34,-911.02,36.61
-139.78,-646.22,394.6
-51.72,-411.63,311.06
-175.42,-89.76,966.33
-222.97,-463.77,527.57
-257.08,-310.04,800.88
-446.31,115.97,904.37
-265.42,633.17,1000.8
-320.69,1544.49,1471.34
-530.58,2245.41,1450.77
-698.82,1013.96,1114.79
-290.06,486.98,544.02
-288.87,392.44,538.14
-285.93,680.26,626.8
-357.94,842.77,657.67
-338.27,829.38,639.8
-380.39,669.56,678.34
-298.91,646.78,713.38
-292.39,635.98,630.47
-305.93,579.2,605.65
-298.17,606.75,653.52
-331.78,621.06,598.15
-308.57,679.88,592.21
-294.68,591.73,646.39
-314.32,601.77,689.93
-302.16,647.26,617.91
-315.53,543.51,623.42
-300.7,647.9,645.53
-321.25,678.18,743.79
-332.55,670.38,606.71
-374.89,623.84,686.47
-385.95,659.52,699.23
-276.43,640.79,714.31
-284.14,576.1,706.94
-274.92,669.68,648.35
-292.96,576.07,657.17
-292.7,639.37,712.49
-328.68,577.03,688.49
-299.43,601.85,624.94
-288.89,622.37,691.88
-328.9,674.25,676.45
-,-,-
-655.36,798.84,2797.91
-693.41,720.14,2898.08
-660.06,210.19,2242.62
-254.95,-571.94,1326.41
108.17,-502.23,575.98
199.15,-468.52,61.94
379.75,-449.35,-483.01
440.24,-387.46,-683.98
497.5,-98.32,-1005.41
810.4,-488.04,-1491.03
1074.99,-461.5,-2249.14
730.18,265.53,-1327.03
-813.33,2767.66,1965.98
-684.74,1951.42,-1889.33
761.88,662.88,-647.8
291.91,-735.04,615.56
-1069.71,-588.08,1231.43
771.48,-111.59,888.2
558.43,-96.42,225.78
-394.37,-540.08,-187.9
145.04,-630.66,5.22
393.49,-689.47,98.5
537.7,-691.27,220.87
410.15,-633.14,212.31
243.27,-859.78,-84.34
379.11,-926.08,153.13
365.19,-1056.19,481.71
197.29,-1176.32,456.79
347.56,-1265.56,1192.38
-83.78,-933.11,633.68
-149.91,-443.11,729.24
-141.97,-213.89,1041.26
-336.13,14.81,1128.44
-376.54,286.43,1336.11
-750.73,1262.35,1928.57
-459.7,1048.58,949.64
-346.24,974.33,1141.65
-402.41,635.06,914.6
-369.29,652.39,852.4
-338.93,590.83,722.8
-364.71,511.46,662.67
-354.47,531.93,787.92
-274.75,511.13,744.51
-260.51,564.26,718.87
-255.8,561.34,711.1
-223.61,563.36,793.46
-298.41,559.25,808.94
-287.34,538.32,703.9
-273.08,502.54,659.52
-264.06,515.72,704.8
-259.62,485.21,783.88
-273.45,519.83,785.34
-287.08,547.32,772.29
-281.24,532.07,733.96
-235.12,474.06,867.67
-247.88,494.08,852.8
-298.48,488.54,825.14
-304.76,506.44,763.61
-289.57,562.91,778.42
-289.35,552.17,871.74
-276.28,547.7,808.01
-312.36,543.98,734.81
-295.25,538.53,852.44
-263.83,492.48,712.51
-275.58,496.42,856.64
-298.94,527.27,818.28
-247.44,520.65,838.84
-280.44,548.6,826.69
-256.93,539.62,742.81
-279.93,534.1,838.33
 -,-,-
-556.74,284.07,2274.01
-492.58,291.56,3059.04
-708.46,187.02,2615.21
-445.66,-389.93,2103.52
-90.25,-805.61,1330.23
88.95,-867.58,515.23
254.72,-614.73,-263.69
394.08,-424.37,-550.28
410.98,-377.89,-769.22
633.6,-273.64,-1209.0
816.62,-410.67,-1619.58
742.98,-307.79,-1310.15
-1435.66,3004.0,-548.03
-3499.44,-706.51,-2146.94
2087.8,-77.82,-402.34
-187.71,-659.05,261.29
-358.94,-425.66,731.5
595.46,-224.0,722.98
638.35,-394.53,101.87
-256.92,-364.4,-25.79
338.46,-780.09,-190.28
690.62,-819.47,-108.41
469.14,-940.56,115.0
564.44,-908.38,-153.79
512.01,-933.24,-109.6
273.36,-1180.6,5.41
370.86,-1175.36,189.59
145.8,-1088.84,380.1
69.32,-611.09,783.47
-56.71,-850.01,693.68
-115.19,-580.25,716.64
-237.95,-747.96,488.09
-299.73,172.42,1415.23
-481.82,-231.22,786.69
-295.26,286.54,1281.37
-622.38,633.35,1046.8
-441.73,990.62,1233.27
-494.38,752.18,1305.78
-389.3,709.54,1000.61
-358.76,813.25,825.08
-412.18,768.18,837.29
-260.79,794.61,635.92
-269.62,783.95,624.36
-209.0,677.4,554.03
-151.37,649.12,619.2
-225.01,702.25,680.37
-261.26,806.5,596.23
-310.73,725.95,546.19
-268.6,752.58,631.41
-266.8,612.83,634.54
-247.24,499.22,690.66
-288.62,582.18,696.42
-310.07,616.17,717.83
-311.54,636.3,635.21
-327.32,670.5,750.84
-317.37,632.18,697.4
-307.21,737.39,716.63
-281.56,730.94,602.51
-281.14,743.06,630.79
-307.28,662.55,637.64
-277.01,621.09,597.89
-300.91,616.79,595.58
-299.19,640.93,598.61
-280.13,616.84,631.45
-311.96,662.86,701.18
 -,-,-
-946.59,613.41,3103.92
-939.73,350.32,2905.17
-447.4,-649.5,1783.32
6.32,-934.07,1123.78
284.83,-1146.59,618.17
437.98,-1180.7,-35.21
427.03,-673.02,-353.84
411.27,-498.63,-536.13
421.98,-217.87,-795.08
470.24,-437.76,-910.07
741.85,-475.98,-1740.13
415.54,-128.01,-859.24
-932.78,2981.22,235.42
-2139.1,404.13,-2102.75
1527.52,-462.98,-588.59
342.97,-1602.86,599.9
-94.2,-660.23,686.47
894.13,-389.93,675.76
186.4,-83.09,63.83
-185.45,92.74,-177.23
-126.57,-336.44,147.78
296.08,-621.11,436.67
-36.61,-1211.79,-65.81
619.0,-1304.76,73.02
-270.47,-1196.16,-41.92
1660.83,-1170.53,140.37
472.02,-1034.78,425.47
-54.38,-1233.08,386.64
115.95,-601.25,445.15
83.41,-915.45,516.26
-162.33,-149.63,1105.5
-140.87,-638.79,691.46
-162.89,106.79,1486.88
-355.69,-504.9,975.69
-19.31,-128.66,1017.6
-328.12,344.13,1154.95
-416.32,489.51,1008.48
-503.92,729.89,1066.31
-485.49,667.14,833.07
-374.61,699.35,1077.82
-435.55,856.27,953.63
-447.51,811.15,895.82
-381.28,670.22,624.1
-258.75,693.62,633.41
-340.89,737.88,642.93
-273.76,721.14,619.48
-333.2,688.67,625.82
-401.32,606.6,609.21
-245.78,674.67,631.38
-275.34,631.98,655.59
-278.1,712.09,617.51
-319.6,603.72,652.43
-371.16,667.81,594.04
-306.62,759.66,637.58
-287.95,708.14,683.43
-335.97,728.8,649.08
-332.86,729.89,601.36
-290.72,660.08,681.87
-302.95,716.41,649.63
-271.75,621.08,611.58
-314.66,739.41,610.41
-274.51,664.54,617.08
-305.94,729.12,660.12
-286.9,607.25,672.17
-264.9,613.01,605.53
-242.15,599.95,690.52
-283.51,675.12,686.57
-303.41,730.78,588.8
-301.64,663.52,584.95
-324.63,703.26,650.08
 -,-,-
-1103.35,655.03,2996.36
-872.29,333.83,2630.91
-443.56,-650.66,1660.6
6.22,-958.2,1074.14
292.37,-1315.05,594.25
465.33,-1122.59,-35.7
448.97,-680.65,-352.88
439.31,-518.71,-601.47
388.65,-198.54,-785.68
418.68,-439.97,-875.43
855.09,-437.1,-1997.14
422.47,-128.44,-939.19
-885.07,3181.09,212.87
-1977.06,431.3,-2053.0
1413.72,-503.64,-587.77
313.4,-1407.26,597.13
-102.3,-594.33,675.08
852.57,-406.87,613.29
194.26,-85.55,55.42
-210.43,83.39,-171.81
-141.15,-363.93,135.57
282.66,-532.1,374.12
-39.12,-1126.03,-70.15
523.15,-1307.66,76.49
-275.59,-1335.19,-45.71
1802.49,-1237.92,152.23
534.93,-877.41,450.0
-58.28,-1356.34,339.2
123.36,-557.12,432.87
72.94,-887.75,505.45
-160.24,-166.66,925.94
-149.38,-649.52,602.45
-147.5,99.2,1501.0
-356.54,-556.87,915.0
-18.73,-119.71,1097.33
-340.71,400.54,1247.81
-424.72,527.95,1048.85
-509.16,640.61,1085.12
-532.32,605.29,959.57
-350.83,795.1,932.4
-433.47,936.38,948.04
-452.75,760.5,838.63
-381.53,670.82,593.17
-301.8,766.98,678.61
-298.65,631.31,594.63
-304.04,648.96,686.94
-342.77,699.73,561.04
-373.76,728.28,664.31
-263.97,670.74,670.93
-297.41,672.76,645.31
-302.0,725.52,687.3
-333.44,571.9,673.71
-319.48,603.75,635.91
-308.43,727.14,721.39
-247.27,750.08,707.94
-324.74,678.03,636.45
-307.51,632.7,625.53
-302.36,628.51,649.04
-310.61,686.06,652.76
-292.55,689.98,587.52
-284.47,710.53,646.37
-280.32,730.35,675.06
-293.73,704.91,707.5
-245.87,626.52,600.03
-254.02,697.69,681.86
-250.67,651.51,630.52
-264.96,677.44,711.18
-281.78,662.98,668.29
-303.51,675.33,643.41
-294.97,680.58,702.25
-,-,-
-932.91,684.68,2174.62
-699.73,977.48,2678.04
-814.7,558.29,2455.69
-493.16,-202.86,2217.9
-170.09,-870.85,1311.7
182.26,-1021.34,657.48
160.9,-1075.46,195.63
180.27,-773.19,-116.14
169.05,-379.39,-373.06
313.12,-303.99,-506.88
603.97,-424.27,-1072.35
869.55,-401.55,-1498.41
952.78,-226.47,-1548.61
469.93,620.11,-566.83
-1061.22,3546.72,1396.34
1265.93,164.87,-1606.32
881.41,-769.62,772.03
-798.33,-932.38,854.83
251.52,-413.73,812.99
820.03,-386.79,380.74
10.99,38.83,24.61
-208.89,-299.66,64.68
512.32,-517.66,-118.9
62.66,-987.15,-191.26
623.33,-656.97,375.7
240.84,-1766.99,-85.53
713.72,-1292.02,-337.35
220.48,-1586.11,-578.22
822.85,-1096.29,-285.27
404.67,-950.39,32.65
-140.66,-709.89,399.08
-51.14,-443.33,310.94
-175.68,-91.38,914.26
-239.61,-481.89,578.41
-276.25,-310.0,768.94
-463.42,138.48,1062.2
-261.43,626.09,992.23
-339.08,1493.2,1378.1
-539.35,2305.38,1335.36
-649.3,1067.67,1170.21
-273.45,522.4,581.49
-268.6,349.75,530.52
-288.8,609.37,584.29
-350.23,856.86,633.75
-338.57,743.07,739.37
-367.45,731.74,691.24
-340.72,660.94,699.62
-350.27,611.61,729.25
-322.53,644.49,615.99
-292.42,643.73,592.05
-317.77,573.49,605.78
-292.76,663.99,600.78
-295.89,572.94,594.57
-340.57,614.98,590.2
-318.43,559.01,684.5
-312.85,536.05,663.43
-334.7,568.08,707.21
-333.18,568.15,724.38
-319.05,574.94,625.92
-362.68,659.89,734.86
-389.21,594.32,700.32
-292.51,638.93,720.88
-287.68,613.68,726.39
-278.57,664.58,712.74
-280.81,565.51,735.66
-291.5,653.25,634.09
-328.43,632.18,717.38
-274.04,667.91,704.74
-304.59,579.57,704.12
-326.39,690.92,681.6
-,-,-
-706.87,728.75,2935.1
-695.78,705.59,2978.3
-636.09,227.41,2204.53
-258.4,-558.46,1417.34
110.14,-601.79,680.58
207.56,-449.49,67.06
390.93,-425.64,-454.21
440.88,-420.02,-668.4
447.6,-95.35,-922.71
773.25,-510.88,-1650.62
1112.94,-457.82,-2266.97
848.17,246.12,-1313.56
-699.09,2748.83,1950.66
-687.23,1900.41,-1898.97
840.66,589.83,-741.1
312.96,-783.9,659.76
-1203.72,-623.75,1187.21
858.71,-113.83,834.0
502.36,-98.44,231.33
-358.51,-519.54,-161.4
148.79,-704.26,4.64
413.23,-586.71,102.83
606.31,-705.11,208.59
406.17,-623.3,213.16
218.66,-914.01,-94.98
386.35,-844.79,155.61
371.96,-977.33,532.01
220.61,-1044.18,442.12
354.59,-1183.14,1293.94
-80.82,-989.88,634.81
-146.54,-395.51,745.31
-128.21,-218.77,1033.17
-350.52,14.53,1011.22
-380.04,265.72,1358.48
-895.62,1166.09,1738.99
-474.12,1195.35,1039.82
-370.57,823.68,1254.48
-353.01,669.1,917.02
-397.96,633.16,905.31
-334.56,570.58,755.82
-369.68,517.76,776.77
-320.55,534.98,731.46
-308.94,500.88,741.01
-251.07,535.43,752.7
-234.16,608.87,735.64
-261.86,573.56,818.24
-284.9,559.42,795.12
-263.41,478.06,668.52
-279.07,465.98,618.1
-246.89,491.87,742.35
-285.39,511.49,740.65
-284.54,488.84,768.15
-258.28,485.37,873.0
-272.46,538.23,759.79
-258.26,490.41,842.31
-231.42,553.83,737.32
-248.02,510.81,797.72
-259.93,495.51,761.29
-306.82,478.29,726.05
-283.07,518.08,790.86
-296.36,569.88,807.98
-287.02,494.96,728.09
-260.81,550.77,819.99
-299.13,517.4,788.38
-273.05,555.03,843.72
-310.25,540.94,771.09
-275.14,548.52,789.86
-258.52,454.63,818.13
-287.72,539.58,770.42
-277.65,556.58,834.0
 -,-,-
-595.42,315.89,2441.16
-506.09,311.27,2756.03
-653.48,184.99,2561.96
-520.87,-343.13,2218.33
-95.0,-873.86,1449.67
104.73,-791.31,572.97
249.67,-631.58,-286.32
389.26,-407.76,-577.85
467.46,-386.97,-880.7
617.82,-248.58,-1281.0
858.68,-453.99,-1742.12
787.44,-336.49,-1287.25
-1483.43,2801.73,-489.48
-3278.45,-694.65,-2434.42
2156.8,-73.87,-394.37
-214.25,-672.68,253.01
-385.24,-424.25,868.7
717.75,-200.17,733.63
605.64,-408.97,88.27
-236.27,-355.85,-24.44
315.32,-741.29,-190.81
651.08,-813.72,-103.57
495.71,-1053.86,100.41
514.69,-843.47,-164.48
545.09,-935.49,-101.45
267.93,-1305.29,5.71
389.03,-1139.07,188.42
140.03,-1125.23,363.6
71.27,-623.73,810.96
-54.54,-989.28,717.15
-117.76,-570.92,780.9
-255.22,-717.97,513.88
-308.54,149.43,1362.31
-489.9,-197.08,671.75
-282.33,260.71,1379.62
-683.52,633.38,1126.87
-396.85,965.28,1401.54
-485.05,753.25,1267.13
-344.48,683.18,969.53
-380.17,809.06,952.21
-424.14,881.92,744.09
-295.1,688.18,637.17
-236.34,777.8,642.04
-209.06,667.53,618.8
-152.75,716.37,561.3
-252.68,766.3,636.62
-217.84,795.65,637.6
-329.27,736.8,582.8
-277.12,793.05,601.66
-247.37,643.16,648.05
-212.74,499.19,634.18
-310.22,558.89,665.55
-304.3,562.97,696.57
-323.25,616.09,738.28
-327.87,633.02,685.31
-329.36,731.87,703.86
-300.96,614.19,616.69
-319.35,608.13,626.19
-273.19,699.53,621.14
-267.79,645.93,670.64
-305.37,629.57,622.18
-309.53,665.92,601.42
-264.38,700.92,659.92
-310.93,645.82,708.96
-309.62,580.92,718.93
 -,-,-
-946.21,657.94,2834.25
-869.98,365.25,2832.21
-528.61,-552.98,1660.06
5.83,-1062.88,1065.35
284.5,-1307.76,535.78
439.2,-1108.71,-35.45
475.73,-673.85,-332.97
446.52,-531.4,-610.73
371.21,-195.82,-804.1
441.37,-394.44,-876.28
735.15,-475.31,-1757.56
382.64,-124.96,-889.51
-914.97,3222.1,218.59
-2138.22,492.38,-1994.82
1521.85,-507.64,-571.65
290.87,-1456.09,649.93
-112.1,-616.74,725.1
899.93,-390.98,617.57
219.59,-85.71,58.51
-190.89,95.17,-187.97
-126.02,-374.03,161.2
263.16,-577.9,366.34
-40.63,-1103.35,-62.6
606.29,-1303.26,72.72
-290.53,-1218.82,-47.43
1959.65,-1296.18,141.5
513.35,-1021.22,418.84
-52.31,-1337.44,342.35
121.81,-495.75,492.66
85.42,-1007.11,481.34
-161.82,-158.99,1058.23
-140.38,-542.74,695.31
-165.78,101.1,1410.21
-374.94,-473.6,867.19
-20.06,-112.53,1050.73
-289.81,364.37,1272.28
-416.44,479.37,1103.54
-489.76,648.25,1068.73
-491.4,638.06,848.83
-401.35,761.0,1048.69
-432.55,823.13,974.11
-405.81,861.13,796.56
-379.46,676.92,654.83
-313.88,655.45,613.16
-298.79,680.31,608.64
-291.53,760.64,643.87
-332.01,663.82,684.69
-400.57,728.21,645.48
-259.35,702.79,652.64
-262.77,696.35,624.66
-302.01,667.39,661.67
-304.62,612.3,653.2
-331.32,665.79,640.36
-305.76,689.22,645.87
-276.56,718.79,645.6
-329.83,640.27,687.75
-304.64,717.54,688.71
-283.39,589.61,576.25
-290.05,632.51,649.79
-278.72,692.52,611.44
-274.76,718.4,652.53
-296.94,692.41,634.57
-293.22,712.2,708.71
-252.64,593.78,710.79
-284.58,673.26,620.56
-261.7,676.45,688.09
-263.47,736.57,623.72
-259.37,692.72,628.51
-299.16,686.46,689.27
-269.27,740.96,697.34
 -,-,-
-945.7,611.33,3165.12
-909.97,363.99,2501.75
-471.36,-642.16,1907.84
6.41,-1040.61,994.74
245.7,-1166.76,528.88
468.47,-1279.76,-33.28
460.57,-752.58,-384.51
407.14,-455.88,-625.11
412.38,-184.36,-783.44
474.81,-376.87,-866.16
800.05,-483.42,-1797.05
365.13,-114.74,-934.37
-916.14,3294.49,221.24
-2017.95,458.41,-1862.97
1477.78,-495.26,-488.17
333.39,-1533.66,631.11
-109.81,-629.15,676.07
827.93,-458.29,671.23
199.54,-85.77,64.62
-211.25,85.74,-173.56
-134.75,-365.31,163.1
262.6,-528.23,393.45
-39.44,-1158.1,-63.72
513.46,-1229.55,68.87
-268.22,-1254.41,-42.09
1826.68,-1300.25,160.49
527.82,-1025.28,417.49
-61.92,-1319.54,380.18
128.91,-564.84,436.11
79.65,-1001.54,515.5
-165.34,-164.62,1106.24
-134.07,-572.61,681.07
-153.52,104.63,1484.97
-385.22,-525.66,957.6
-19.07,-114.02,1031.58
-313.16,391.15,1259.26
-388.78,548.17,925.05
-503.38,612.99,1184.86
-533.84,669.46,839.77
-368.55,816.5,1073.27
-422.19,993.77,870.58
-431.26,836.05,901.7
-320.88,693.94,709.31
-306.23,721.06,743.86
-310.42,689.65,646.16
-258.06,690.16,602.91
-342.46,690.27,597.09
-338.3,677.15,658.57
-241.48,724.89,620.48
-281.72,666.55,597.35
-280.46,697.27,621.49
-324.77,542.32,603.11
-305.82,655.2,581.51
-293.46,653.15,739.43
-248.89,657.77,683.44
-293.1,632.31,677.72
-330.92,644.11,602.35
-312.19,669.8,563.33
-279.29,669.73,661.19
-297.85,656.46,675.0
-264.31,686.17,715.21
-265.08,657.08,593.59
-310.09,683.56,608.61
-278.09,638.58,700.65
-293.88,636.17,667.68
-268.21,639.81,599.9
-292.47,630.85,708.07
-255.08,696.82,594.09
-286.12,659.46,705.48
-315.78,677.47,670.68
-,-,-
-837.73,730.23,2102.12
-761.89,946.94,2762.96
-801.5,625.77,2405.53
-491.99,-196.25,2167.81
-142.84,-856.43,1216.49
168.87,-1109.24,594.4
163.56,-1118.35,228.84
185.62,-718.66,-132.74
174.09,-389.83,-396.54
340.34,-282.76,-577.58
652.46,-497.93,-1164.08
904.17,-389.02,-1348.37
893.5,-251.75,-1519.68
510.45,623.77,-652.65
-1079.72,3362.83,1292.3
1190.83,182.58,-1414.29
1042.02,-657.86,775.57
-802.16,-830.99,844.68
268.13,-456.41,927.97
823.65,-338.42,370.16
12.5,37.95,29.08
-195.13,-272.89,64.63
574.6,-482.93,-109.75
63.01,-1016.69,-162.05
734.91,-637.61,359.64
227.96,-1632.86,-82.33
607.71,-1328.45,-373.02
191.09,-1401.81,-612.8
753.07,-1110.56,-327.38
390.85,-1046.89,36.01
-135.28,-695.3,374.16
-52.16,-438.99,310.16
-200.16,-92.25,916.06
-240.61,-439.5,564.88
-245.49,-341.16,697.04
-465.57,131.71,1065.4
-276.82,532.17,962.01
-301.8,1463.45,1424.63
-534.28,2403.97,1456.73
-712.2,1017.89,1164.54
-301.52,520.77,564.04
-310.57,333.99,569.34
-276.99,609.72,563.51
-357.29,803.77,636.38
-342.43,735.84,746.99
-337.58,625.87,657.6
-345.86,652.93,749.98
-322.43,645.94,691.08
-320.55,621.98,666.12
-341.62,578.98,572.43
-336.57,566.69,646.4
-337.83,617.37,685.88
-345.23,593.63,587.01
-345.75,649.38,648.08
-336.96,621.6,663.22
-345.02,596.33,627.12
-346.08,590.81,644.51
-368.94,675.24,717.83
-368.8,566.75,627.79
-364.1,583.06,726.53
-400.73,592.69,632.99
-303.83,559.68,679.61
-310.39,627.4,734.47
-296.74,588.09,727.17
-313.5,608.76,708.2
-316.66,624.56,708.67
-307.4,603.21,667.25
-317.19,616.85,652.26
-284.05,590.01,694.69
-291.17,633.08,706.2
-,-,-
-718.03,842.47,2587.44
-754.25,678.59,3090.35
-646.21,208.78,2084.06
-229.14,-566.71,1548.76
101.44,-522.09,635.81
220.57,-518.89,66.13
352.95,-420.53,-477.73
393.57,-383.29,-658.37
474.66,-106.61,-962.72
786.62,-436.96,-1489.2
965.26,-487.33,-2287.85
804.91,263.52,-1401.13
-783.22,2773.24,1677.02
-752.23,2039.83,-1878.74
718.59,575.61,-701.26
300.09,-787.97,735.04
-1226.9,-615.82,1119.49
854.75,-104.7,872.5
542.68,-85.45,263.81
-382.05,-533.86,-162.77
162.51,-654.94,5.17
461.99,-626.78,107.61
548.95,-699.87,214.85
475.36,-630.25,187.74
238.81,-926.19,-86.59
408.16,-919.29,141.18
369.91,-890.26,559.13
210.96,-1061.92,477.82
310.26,-1181.69,1125.51
-84.71,-975.54,704.01
-152.64,-399.25,760.42
-117.79,-218.46,869.13
-300.28,14.74,1150.96
-361.01,280.88,1328.48
-826.88,1226.67,1606.81
-470.36,1119.38,1078.83
-419.77,833.51,1283.41
-392.18,735.33,953.27
-356.08,642.12,969.12
-356.23,553.2,844.98
-346.25,567.65,661.46
-333.13,527.09,765.05
-278.79,475.47,734.42
-266.6,512.93,845.52
-266.14,514.23,804.77
-263.13,521.01,841.62
-259.92,471.18,729.52
-272.93,513.29,784.58
-268.82,492.39,714.63
-286.56,518.81,821.61
-254.95,524.53,755.48
-274.9,454.83,807.93
-291.56,585.59,788.05
-277.36,500.89,736.09
-218.65,490.45,874.03
-241.35,525.18,819.03
-258.39,456.85,757.32
-305.35,513.15,849.84
-287.86,530.93,736.38
-313.01,523.73,748.97
-278.05,538.31,866.13
-285.99,478.38,712.8
-300.84,506.45,827.67
-298.48,479.09,718.58
-301.05,545.93,793.26
-310.75,505.65,783.56
-297.91,471.85,786.68
-273.97,490.67,868.81
-295.9,464.54,734.61
-267.01,481.83,779.87
 -,-,-
-590.53,310.99,2590.8
-499.12,275.88,2851.92
-691.49,169.62,2894.72
-454.96,-385.59,1928.66
-90.77,-852.34,1407.94
95.91,-823.6,576.68
274.74,-560.1,-257.44
378.62,-382.01,-581.33
461.8,-360.78,-900.47
637.5,-283.86,-1298.55
867.08,-422.81,-1519.2
827.56,-343.16,-1289.37
-1261.56,2935.13,-523.73
-3389.0,-692.22,-2336.93
2053.35,-70.32,-361.92
-186.12,-647.88,267.23
-388.83,-391.98,734.15
648.07,-225.35,703.98
569.94,-419.59,93.97
-244.45,-388.73,-26.93
342.31,-666.99,-190.89
575.4,-785.56,-106.42
567.77,-1055.14,105.8
524.92,-906.95,-148.27
473.79,-927.43,-110.73
284.09,-1340.92,4.96
349.44,-978.58,175.37
131.28,-1142.31,382.85
77.24,-599.96,790.3
-56.39,-919.69,628.45
-132.5,-535.38,839.44
-268.49,-692.3,453.4
-346.48,151.51,1239.04
-559.76,-206.06,715.14
-297.29,281.98,1210.81
-579.7,556.29,1074.73
-415.56,981.11,1316.95
-494.09,826.66,1183.92
-387.6,686.39,975.55
-383.2,717.69,818.03
-428.83,799.87,860.44
-308.78,736.39,631.8
-265.39,684.44,592.74
-210.25,730.6,568.72
-174.03,784.06,657.15
-227.22,661.82,594.56
-235.82,669.94,642.92
-300.26,692.21,576.32
-302.87,719.92,584.3
-293.07,650.59,671.38
-224.79,602.42,686.38
-299.22,584.52,653.46
-286.89,604.95,723.46
-301.16,667.15,727.1
-337.92,658.71,739.36
-297.67,659.01,739.75
-286.24,707.54,688.36
-314.36,669.87,609.81
-267.46,639.88,623.03
-295.05,637.77,626.17
-311.13,661.3,671.71
-287.39,583.29,610.89
-268.88,676.25,609.42
-295.53,661.88,617.4
-274.59,691.08,658.83
